1.025075000000000074e+02
1.023995000000000033e+02
1.019305000000000092e+02
1.024964999999999975e+02
1.009184999999999945e+02
1.007469999999999857e+02
1.028384999999999962e+02
1.068359999999999843e+02
1.057814999999999799e+02
1.055869999999999891e+02
1.054549999999999983e+02
1.007239999999999753e+02
9.879449999999999932e+01
1.002404999999999973e+02
9.985700000000001353e+01
1.000345000000000084e+02
1.014544999999999959e+02
1.048639999999999901e+02
1.067050000000000125e+02
1.067899999999999920e+02
1.046835000000000093e+02
1.042274999999999920e+02
1.026174999999999926e+02
1.021170000000000044e+02
1.035469999999999970e+02
1.038654999999999973e+02
1.028665000000000163e+02
1.017689999999999770e+02
9.896450000000000102e+01
9.807150000000001455e+01
1.012739999999999867e+02
1.029279999999999973e+02
1.016010000000000133e+02
1.014759999999999707e+02
1.001310000000000002e+02
9.921500000000000341e+01
1.007385000000000161e+02
1.047524999999999835e+02
1.060100000000000193e+02
1.069859999999999900e+02
1.052044999999999817e+02
1.030839999999999890e+02
9.879699999999999704e+01
9.552149999999998897e+01
9.562749999999999773e+01
9.532250000000000512e+01
9.525350000000000250e+01
9.468349999999999511e+01
9.514199999999998170e+01
9.490449999999999875e+01
9.609450000000001069e+01
9.712850000000000250e+01
9.640949999999999420e+01
9.668850000000000477e+01
9.615999999999999659e+01
9.686450000000002092e+01
9.689600000000000080e+01
9.667600000000000193e+01
9.681649999999999068e+01
9.676250000000001705e+01
9.673850000000001614e+01
9.659049999999999159e+01
9.602700000000001523e+01
9.697250000000001080e+01
9.673099999999999454e+01
9.482599999999999341e+01
9.519849999999999568e+01
9.626949999999999363e+01
9.654749999999998522e+01
9.558400000000003160e+01
9.388400000000001455e+01
9.246899999999997988e+01
9.125949999999997431e+01
9.142099999999999227e+01
9.233500000000000796e+01
9.309550000000002967e+01
9.296450000000000102e+01
9.227850000000000819e+01
9.095199999999999818e+01
9.025250000000001194e+01
8.980999999999997385e+01
8.973800000000001376e+01
8.967799999999998306e+01
8.919149999999999068e+01
8.868700000000001182e+01
8.978699999999999193e+01
8.889349999999998886e+01
8.919350000000001444e+01
9.024999999999998579e+01
9.081850000000000023e+01
9.052700000000001523e+01
9.407299999999999329e+01
9.585399999999999920e+01
9.763500000000000512e+01
9.941599999999999682e+01
1.011970000000000027e+02
1.029770000000000039e+02
1.047590000000000003e+02
1.065400000000000063e+02
1.083209999999999980e+02
1.101029999999999944e+02
1.118840000000000003e+02
1.136650000000000063e+02
1.154470000000000027e+02
1.172270000000000039e+02
1.190079999999999956e+02
1.207890000000000015e+02
1.225699999999999932e+02
1.243509999999999991e+02
1.261329999999999956e+02
1.279140000000000015e+02
1.296959999999999980e+02
1.314770000000000039e+02
1.338379999999999939e+02
1.365980000000000132e+02
1.390800000000000125e+02
1.415600000000000023e+02
1.440420000000000016e+02
1.460519999999999925e+02
1.480629999999999882e+02
1.500730000000000075e+02
1.520840000000000032e+02
1.540939999999999941e+02
1.561049999999999898e+02
1.581129999999999995e+02
1.601239999999999952e+02
1.621339999999999861e+02
1.641450000000000102e+02
1.661550000000000011e+02
1.681659999999999968e+02
1.701759999999999877e+02
1.721870000000000118e+02
1.741970000000000027e+02
1.762079999999999984e+02
1.782170000000000130e+02
1.802280000000000086e+02
1.822379999999999995e+02
1.842489999999999952e+02
1.862589999999999861e+02
1.872390000000000043e+02
1.882189999999999941e+02
1.891990000000000123e+02
1.901790000000000020e+02
1.911589999999999918e+02
1.921390000000000100e+02
1.936450000000000102e+02
1.951510000000000105e+02
1.966570000000000107e+02
1.981630000000000109e+02
1.996699999999999875e+02
2.011759999999999877e+02
2.026819999999999879e+02
2.041889999999999930e+02
2.056949999999999932e+02
2.072009999999999934e+02
2.087069999999999936e+02
2.102139999999999986e+02
2.117199999999999989e+02
2.132259999999999991e+02
2.147330000000000041e+02
2.162390000000000043e+02
2.177450000000000045e+02
2.242520000000000095e+02
2.261579999999999870e+02
2.261579999999999870e+02
2.261579999999999870e+02
2.261579999999999870e+02
2.261579999999999870e+02
2.261579999999999870e+02
2.261579999999999870e+02
2.261579999999999870e+02
2.261579999999999870e+02
2.261579999999999870e+02
2.261579999999999870e+02
2.261579999999999870e+02
2.261579999999999870e+02
2.261579999999999870e+02
2.261579999999999870e+02
2.261579999999999870e+02
2.261579999999999870e+02
2.261579999999999870e+02
2.261579999999999870e+02
2.261579999999999870e+02
2.261579999999999870e+02
2.261579999999999870e+02
2.261579999999999870e+02
2.261579999999999870e+02
2.261579999999999870e+02
2.261579999999999870e+02
2.261579999999999870e+02
2.261579999999999870e+02
2.261579999999999870e+02
2.261579999999999870e+02
2.261579999999999870e+02
2.261579999999999870e+02
2.261579999999999870e+02
2.261579999999999870e+02
2.261579999999999870e+02
2.261579999999999870e+02
2.261579999999999870e+02
2.261579999999999870e+02
2.261579999999999870e+02
2.261579999999999870e+02
2.261579999999999870e+02
2.261579999999999870e+02
2.261579999999999870e+02
2.261579999999999870e+02
2.261579999999999870e+02
2.261579999999999870e+02
2.261579999999999870e+02
2.261579999999999870e+02
2.261579999999999870e+02
2.253379999999999939e+02
2.245190000000000055e+02
2.236999999999999886e+02
2.228799999999999955e+02
2.220610000000000070e+02
2.212419999999999902e+02
2.204230000000000018e+02
2.196030000000000086e+02
2.187839999999999918e+02
2.179650000000000034e+02
2.171450000000000102e+02
2.163259999999999934e+02
2.155070000000000050e+02
2.146870000000000118e+02
2.138679999999999950e+02
2.130490000000000066e+02
2.122290000000000134e+02
2.114099999999999966e+02
2.105910000000000082e+02
2.097719999999999914e+02
2.089519999999999982e+02
2.081330000000000098e+02
2.073139999999999930e+02
2.064939999999999998e+02
2.056750000000000114e+02
2.048559999999999945e+02
2.040360000000000014e+02
2.030269999999999868e+02
2.020279999999999916e+02
2.010190000000000055e+02
2.000190000000000055e+02
1.990099999999999909e+02
1.980109999999999957e+02
1.970010000000000048e+02
1.961819999999999879e+02
1.951430000000000007e+02
1.941020000000000039e+02
1.930629999999999882e+02
1.917030000000000030e+02
1.903429999999999893e+02
1.884329999999999927e+02
1.865339999999999918e+02
1.826339999999999861e+02
1.807340000000000089e+02
1.788249999999999886e+02
1.767659999999999911e+02
1.747069999999999936e+02
1.726490000000000009e+02
1.705910000000000082e+02
1.685209999999999866e+02
1.664629999999999939e+02
1.641390000000000100e+02
1.618139999999999930e+02
1.594799999999999898e+02
1.571550000000000011e+02
1.548309999999999889e+02
1.525070000000000050e+02
1.501829999999999927e+02
1.478480000000000132e+02
1.455229999999999961e+02
1.437390000000000043e+02
1.427740000000000009e+02
1.417990000000000066e+02
1.408329999999999984e+02
1.398679999999999950e+02
1.392230000000000132e+02
1.375109999999999957e+02
1.357990000000000066e+02
1.340869999999999891e+02
1.323750000000000000e+02
1.306630000000000109e+02
1.289509999999999934e+02
1.274885000000000019e+02
1.356554999999999609e+02
1.434894999999999641e+02
1.462389999999999759e+02
1.456020000000000039e+02
1.431464999999999748e+02
1.447685000000000173e+02
1.432014999999999816e+02
1.426945000000000050e+02
1.462620000000000005e+02
1.453309999999999604e+02
1.426554999999999893e+02
1.408689999999999998e+02
1.357860000000000014e+02
1.332795000000000130e+02
1.361370000000000005e+02
1.397429999999999950e+02
1.500000000000000000e+02
1.500000000000000000e+02
1.500000000000000000e+02
1.500000000000000000e+02
1.500000000000000000e+02
1.500000000000000000e+02
1.500000000000000000e+02
1.500000000000000000e+02
1.500000000000000000e+02
1.500000000000000000e+02
1.500000000000000000e+02
1.500000000000000000e+02
1.500000000000000000e+02
1.500000000000000000e+02
1.500000000000000000e+02
1.500000000000000000e+02
1.500000000000000000e+02
1.500000000000000000e+02
1.500000000000000000e+02
1.500000000000000000e+02
1.500000000000000000e+02
1.500000000000000000e+02
1.500000000000000000e+02
1.500000000000000000e+02
1.500000000000000000e+02
1.500000000000000000e+02
1.500000000000000000e+02
1.500000000000000000e+02
1.500000000000000000e+02
1.500000000000000000e+02
1.500000000000000000e+02
1.500000000000000000e+02
1.500000000000000000e+02
1.500000000000000000e+02
1.500000000000000000e+02
1.500000000000000000e+02
1.500000000000000000e+02
1.500000000000000000e+02
1.500000000000000000e+02
1.491310000000000286e+02
1.467474999999999739e+02
1.420930000000000177e+02
1.378064999999999998e+02
1.333255000000000052e+02
1.304480000000000359e+02
1.284884999999999877e+02
1.272809999999999917e+02
1.267085000000000008e+02
1.236219999999999857e+02
1.224504999999999910e+02
1.212710000000000008e+02
1.221935000000000002e+02
1.223834999999999980e+02
1.301910000000000025e+02
1.274495000000000147e+02
1.194344999999999999e+02
1.115055000000000263e+02
1.110915000000000248e+02
1.214134999999999991e+02
1.224199999999999875e+02
1.184720000000000084e+02
1.149890000000000327e+02
1.090504999999999853e+02
1.075389999999999873e+02
