  -3.7267708e-01   0.0000000e+00
   1.6811577e+00   0.0000000e+00
   2.2644646e-01   0.0000000e+00
   1.6263516e-03   0.0000000e+00
   9.4685802e-02   0.0000000e+00
  -8.2333541e-03   0.0000000e+00
   1.6796330e-02   0.0000000e+00
   1.8582027e-01   0.0000000e+00
  -2.3705666e-02   0.0000000e+00
  -8.2100219e-03   0.0000000e+00
  -2.9659646e-04   0.0000000e+00
  -4.1509198e-02   0.0000000e+00
   1.0974769e-01   0.0000000e+00
   2.3545942e-02   0.0000000e+00
  -1.9083437e-02   0.0000000e+00
   5.0197533e-03   0.0000000e+00
  -2.0745998e-02   0.0000000e+00
   7.0928754e-02   0.0000000e+00
  -3.8140801e-03   0.0000000e+00
   4.8985302e-03   0.0000000e+00
  -4.7589358e-03   0.0000000e+00
   2.2282379e-03   0.0000000e+00
   1.0610041e-01   0.0000000e+00
  -1.1873957e-02   0.0000000e+00
   8.3279239e-03   0.0000000e+00
  -4.8423103e-03   0.0000000e+00
  -4.8176361e-03   0.0000000e+00
   1.2385776e-01   0.0000000e+00
   5.9347900e-03   0.0000000e+00
  -3.0016301e-02   0.0000000e+00
  -6.5201829e-03   0.0000000e+00
  -2.9108258e-02   0.0000000e+00
   7.8091839e-02   0.0000000e+00
  -2.4878342e-02   0.0000000e+00
   7.0812115e-03   0.0000000e+00
   4.4046578e-03   0.0000000e+00
  -2.2190702e-02   0.0000000e+00
   7.4651896e-05   0.0000000e+00
  -1.3547690e-03   0.0000000e+00
   7.7773205e-03   0.0000000e+00
   1.9984068e-03   0.0000000e+00
   6.2867512e-03   0.0000000e+00
   2.4435397e-02   0.0000000e+00
   2.1757461e-02   0.0000000e+00
  -2.9293215e-02   0.0000000e+00
   9.0190951e-03   0.0000000e+00
   1.9663203e-02   0.0000000e+00
   4.9497416e-02   0.0000000e+00
   2.6131038e-02   0.0000000e+00
  -2.2797718e-02   0.0000000e+00
  -1.0289552e-02   0.0000000e+00
   1.1377626e-02   0.0000000e+00
   7.8544004e-02   0.0000000e+00
  -9.6559549e-03   0.0000000e+00
  -1.7451725e-02   0.0000000e+00
   1.0918465e-02   0.0000000e+00
   5.3687512e-03   0.0000000e+00
  -1.2163114e-01   0.0000000e+00
   1.1182860e-01   0.0000000e+00
  -1.1539546e-01   0.0000000e+00
  -9.5457992e-02   0.0000000e+00
  -2.6970915e-02   0.0000000e+00
   1.9308127e-01   0.0000000e+00
  -1.1257033e-01   0.0000000e+00
  -2.4143141e-03   0.0000000e+00
   1.9129715e-02   0.0000000e+00
   1.0796047e-01   0.0000000e+00
   3.4376225e-03   0.0000000e+00
   8.1597631e-02   0.0000000e+00
  -2.4444173e-02   0.0000000e+00
  -6.3625611e-02   0.0000000e+00
  -2.0099583e-03   0.0000000e+00
   5.4447403e-02   0.0000000e+00
   5.8300749e-03   0.0000000e+00
   4.9875176e-02   0.0000000e+00
  -4.2274373e-02   0.0000000e+00
  -2.6945549e-02   0.0000000e+00
  -2.9636631e-02   0.0000000e+00
  -9.7742719e-03   0.0000000e+00
   2.2225821e-02   0.0000000e+00
   7.9369291e-02   0.0000000e+00
  -2.7646253e-02   0.0000000e+00
  -5.2465187e-02   0.0000000e+00
  -2.7913216e-02   0.0000000e+00
   2.4662656e-02   0.0000000e+00
   2.9354305e-02   0.0000000e+00
   1.0279341e-01   0.0000000e+00
   7.9969777e-02   0.0000000e+00
  -9.1771343e-02   0.0000000e+00
   3.5741883e-02   0.0000000e+00
  -7.8314030e-02   0.0000000e+00
   3.9244860e-02   0.0000000e+00
  -1.4603403e-03   0.0000000e+00
   8.1856616e-02   0.0000000e+00
  -8.0734519e-02   0.0000000e+00
   4.6248493e-02   0.0000000e+00
  -3.7096840e-02   0.0000000e+00
   7.0377355e-03   0.0000000e+00
  -3.8610908e-02   0.0000000e+00
  -2.2684758e-02   0.0000000e+00
  -2.5292552e-02   0.0000000e+00
   5.6080537e-02   0.0000000e+00
   6.4589722e-02   0.0000000e+00
   8.5238732e-03   0.0000000e+00
   2.1122415e-02   0.0000000e+00
   5.2669778e-02   0.0000000e+00
   5.8189344e-02   0.0000000e+00
  -7.7994962e-02   0.0000000e+00
  -6.2109491e-02   0.0000000e+00
  -2.1372418e-02   0.0000000e+00
   4.5222884e-02   0.0000000e+00
   8.1692024e-02   0.0000000e+00
  -3.6029244e-02   0.0000000e+00
   3.0784303e-03   0.0000000e+00
  -2.2432330e-02   0.0000000e+00
  -8.6686362e-03   0.0000000e+00
  -1.6509815e-02   0.0000000e+00
   3.9704919e-02   0.0000000e+00
   7.0690134e-02   0.0000000e+00
  -4.6253084e-02   0.0000000e+00
  -4.2413045e-02   0.0000000e+00
   1.1525406e-02   0.0000000e+00
  -4.2734695e-03   0.0000000e+00
   4.2256058e-02   0.0000000e+00
  -4.7120147e-02   0.0000000e+00
  -7.9859549e-02   0.0000000e+00
   6.4346678e-02   0.0000000e+00
  -2.5584023e-03   0.0000000e+00
  -1.2111776e-02   0.0000000e+00
   1.6813294e-01   0.0000000e+00
   3.5095866e-03   0.0000000e+00
  -5.4576553e-02   0.0000000e+00
  -2.6019136e-02   0.0000000e+00
  -4.5276368e-02   0.0000000e+00
  -6.8544569e-02   0.0000000e+00
   1.6164883e-01   0.0000000e+00
   8.7139884e-03   0.0000000e+00
   1.6355716e-02   0.0000000e+00
  -3.9228001e-02   0.0000000e+00
  -6.2497930e-02   0.0000000e+00
  -5.2749676e-02   0.0000000e+00
   6.7627069e-02   0.0000000e+00
  -4.7145581e-02   0.0000000e+00
   9.6606499e-02   0.0000000e+00
  -2.0248628e-02   0.0000000e+00
  -4.6000313e-02   0.0000000e+00
  -8.0187396e-03   0.0000000e+00
   5.4933105e-02   0.0000000e+00
  -2.8722683e-02   0.0000000e+00
   7.4279166e-02   0.0000000e+00
   4.0452073e-02   0.0000000e+00
   3.5175585e-02   0.0000000e+00
  -7.2755040e-05   0.0000000e+00
   7.9391594e-02   0.0000000e+00
   2.4819593e-02   0.0000000e+00
   1.0889598e-02   0.0000000e+00
  -3.5159014e-02   0.0000000e+00
  -3.3677664e-03   0.0000000e+00
   7.1308597e-03   0.0000000e+00
   7.9635972e-02   0.0000000e+00
   6.4880606e-02   0.0000000e+00
  -5.9635458e-02   0.0000000e+00
  -4.2807648e-02   0.0000000e+00
   2.3336665e-02   0.0000000e+00
  -6.8382724e-03   0.0000000e+00
   7.1083958e-02   0.0000000e+00
   4.0942909e-02   0.0000000e+00
  -7.7814849e-02   0.0000000e+00
  -9.3761159e-03   0.0000000e+00
  -1.4289684e-02   0.0000000e+00
  -4.7844977e-02   0.0000000e+00
   6.2306385e-02   0.0000000e+00
   4.7966719e-02   0.0000000e+00
  -2.3986139e-02   0.0000000e+00
  -2.0371311e-02   0.0000000e+00
   1.4882432e-02   0.0000000e+00
  -8.4582422e-02   0.0000000e+00
   4.1327154e-02   0.0000000e+00
   3.8361034e-02   0.0000000e+00
  -8.5646897e-02   0.0000000e+00
  -5.0114269e-02   0.0000000e+00
  -2.9906206e-02   0.0000000e+00
  -2.6164651e-02   0.0000000e+00
   7.1332983e-02   0.0000000e+00
   1.9157806e-02   0.0000000e+00
  -4.4893976e-02   0.0000000e+00
   3.4484936e-02   0.0000000e+00
  -4.3915262e-02   0.0000000e+00
  -4.5710996e-02   0.0000000e+00
   7.5297447e-02   0.0000000e+00
  -1.1129346e-02   0.0000000e+00
  -2.4578516e-02   0.0000000e+00
   6.0711412e-02   0.0000000e+00
  -4.1101634e-02   0.0000000e+00
  -2.7392157e-02   0.0000000e+00
   8.5990684e-02   0.0000000e+00
  -2.4553958e-03   0.0000000e+00
   2.3156042e-02   0.0000000e+00
   2.4660220e-02   0.0000000e+00
  -1.4211293e-02   0.0000000e+00
  -2.0196303e-02   0.0000000e+00
   7.1356534e-02   0.0000000e+00
   1.0562119e-02   0.0000000e+00
  -6.4817466e-02   0.0000000e+00
   4.9667804e-02   0.0000000e+00
   2.0725662e-02   0.0000000e+00
  -6.3035775e-02   0.0000000e+00
   8.2546078e-02   0.0000000e+00
  -5.9532415e-03   0.0000000e+00
  -3.2640288e-04   0.0000000e+00
   3.5555662e-02   0.0000000e+00
   8.9066161e-03   0.0000000e+00
  -5.6881014e-02   0.0000000e+00
   1.0747866e-01   0.0000000e+00
   1.9861715e-02   0.0000000e+00
   3.3552909e-05   0.0000000e+00
  -1.4298175e-01   0.0000000e+00
  -5.9765022e-02   0.0000000e+00
  -5.5324653e-02   0.0000000e+00
   1.1000000e+01   0.0000000e+00
   2.7000000e+01   0.0000000e+00
   1.0000000e+00   0.0000000e+00
   9.0000000e+00   0.0000000e+00
   1.3000000e+01   0.0000000e+00
   1.6000000e+01   0.0000000e+00
   2.2000000e+01   0.0000000e+00
   1.0000000e+00   0.0000000e+00
   6.0000000e+00   0.0000000e+00
   8.0000000e+00   0.0000000e+00
   1.3000000e+01   0.0000000e+00
   1.6000000e+01   0.0000000e+00
   2.2000000e+01   0.0000000e+00
   2.0000000e+00   1.0000000e+00
   5.5000000e+01   1.0000000e+00
   1.6200000e+02   1.0000000e+00
   1.0000000e+00   1.0000000e+00
   1.0000000e+00   1.0000000e+00
   5.0000000e+00   1.0000000e+00
   6.0000000e+00   1.0000000e+00
   7.0000000e+00   0.0000000e+00
